Country name,year,Life Ladder,Logged GDP per capita,Social support,Healthy life expectancy,Freedom to make life choices,Generosity,Perceptions of corruption
Afghanistan,2013,3.572,7.725,0.484,52.56,0.578,0.061,0.823
Afghanistan,2014,3.131,7.718,0.526,52.88,0.509,0.104,0.871
Afghanistan,2015,3.983,7.702,0.529,53.2,0.389,0.08,0.881
Afghanistan,2016,4.22,7.697,0.559,53.0,0.523,0.042,0.793
Afghanistan,2017,2.662,7.697,0.491,52.8,0.427,-0.121,0.954
Albania,2013,4.551,9.359,0.759,67.24,0.632,-0.127,0.863
Albania,2014,4.814,9.378,0.626,67.52,0.735,-0.025,0.883
Albania,2015,4.607,9.403,0.639,67.8,0.704,-0.081,0.885
Albania,2016,4.511,9.437,0.638,68.1,0.73,-0.017,0.901
Albania,2017,4.64,9.476,0.638,68.4,0.75,-0.029,0.876
Argentina,2013,6.582,10.103,0.91,67.84,0.737,-0.13,0.823
Argentina,2014,6.671,10.067,0.918,68.02,0.745,-0.164,0.854
Argentina,2015,6.697,10.083,0.926,68.2,0.881,-0.174,0.851
Argentina,2016,6.427,10.051,0.883,68.4,0.848,-0.192,0.851
Argentina,2017,6.039,10.067,0.907,68.6,0.832,-0.186,0.841
Armenia,2013,4.277,9.277,0.723,65.68,0.504,-0.195,0.9
Armenia,2014,4.453,9.307,0.739,65.84,0.506,-0.218,0.92
Armenia,2015,4.348,9.334,0.723,66.0,0.551,-0.203,0.901
Armenia,2016,4.325,9.333,0.709,66.3,0.611,-0.17,0.921
Armenia,2017,4.288,9.402,0.698,66.6,0.614,-0.147,0.865
Australia,2013,7.364,10.762,0.928,72.5,0.933,0.269,0.432
Australia,2014,7.289,10.772,0.924,72.6,0.923,0.319,0.442
Australia,2015,7.309,10.779,0.952,72.7,0.922,0.332,0.357
Australia,2016,7.25,10.791,0.942,73.0,0.922,0.239,0.399
Australia,2017,7.257,10.798,0.95,73.3,0.911,0.317,0.411
Austria,2013,7.499,10.883,0.95,71.82,0.922,0.168,0.679
Austria,2014,6.95,10.882,0.899,71.96,0.885,0.118,0.567
Austria,2015,7.076,10.881,0.928,72.1,0.9,0.099,0.557
Austria,2016,7.048,10.891,0.926,72.4,0.889,0.08,0.524
Austria,2017,7.294,10.908,0.906,72.7,0.89,0.133,0.518
Azerbaijan,2013,5.481,9.592,0.77,64.12,0.672,-0.168,0.699
Azerbaijan,2014,5.252,9.607,0.799,64.36,0.733,-0.208,0.654
Azerbaijan,2015,5.147,9.606,0.786,64.6,0.764,-0.198,0.616
Azerbaijan,2016,5.304,9.564,0.777,64.9,0.713,-0.204,0.607
Azerbaijan,2017,5.152,9.555,0.787,65.2,0.731,-0.225,0.653
Bahrain,2013,6.69,10.757,0.884,67.14,0.809,,0.525
Bahrain,2014,6.165,10.783,,67.42,,,
Bahrain,2015,6.007,10.785,0.853,67.7,0.85,0.112,
Bahrain,2016,6.17,10.781,0.863,68.1,0.889,0.088,
Bahrain,2017,6.227,10.771,0.876,68.5,0.906,0.136,
Bangladesh,2013,4.66,8.116,0.53,61.96,0.742,-0.016,0.743
Bangladesh,2014,4.636,8.164,0.577,62.38,0.736,-0.098,0.789
Bangladesh,2015,4.633,8.216,0.601,62.8,0.815,-0.068,0.721
Bangladesh,2016,4.556,8.274,0.649,63.3,0.875,-0.089,0.688
Bangladesh,2017,4.31,8.334,0.713,63.8,0.896,0.012,0.635
Belarus,2013,5.876,9.839,0.923,64.04,0.723,-0.177,0.653
Belarus,2014,5.812,9.856,0.88,64.62,0.647,-0.048,0.682
Belarus,2015,5.719,9.815,0.924,65.2,0.623,-0.091,0.669
Belarus,2016,5.178,9.788,0.927,65.5,0.658,-0.125,0.664
Belarus,2017,5.553,9.814,0.9,65.8,0.621,-0.122,0.654
Belgium,2013,7.104,10.784,0.909,71.16,0.891,0.017,0.574
Belgium,2014,6.855,10.795,0.944,71.28,0.861,0.001,0.512
Belgium,2015,6.904,10.81,0.885,71.4,0.869,0.062,0.469
Belgium,2016,6.949,10.819,0.929,71.6,0.866,-0.056,0.497
Belgium,2017,6.928,10.834,0.922,71.8,0.857,0.054,0.543
Benin,2013,3.479,7.964,0.577,52.54,0.783,-0.085,0.856
Benin,2014,3.347,7.998,0.506,52.82,0.776,-0.096,0.855
Benin,2015,3.625,7.988,0.434,53.1,0.733,-0.027,0.85
Benin,2016,4.007,7.993,0.493,53.5,0.78,-0.065,0.838
Benin,2017,4.853,8.021,0.436,53.9,0.727,-0.065,0.767
Bolivia,2013,5.767,8.915,0.803,62.02,0.846,-0.067,0.812
Bolivia,2014,5.865,8.953,0.821,62.36,0.881,0.018,0.832
Bolivia,2015,5.834,8.985,0.829,62.7,0.884,-0.03,0.862
Bolivia,2016,5.77,9.012,0.796,63.0,0.882,-0.047,0.853
Bolivia,2017,5.651,9.039,0.779,63.3,0.884,-0.12,0.819
Bosnia and Herzegovina,2013,5.124,9.382,0.767,66.82,0.39,0.042,0.97
Bosnia and Herzegovina,2014,5.249,9.411,0.788,66.86,0.412,0.232,0.976
Bosnia and Herzegovina,2015,5.117,9.457,0.656,66.9,0.631,-0.055,0.96
Bosnia and Herzegovina,2016,5.181,9.5,0.808,67.2,0.633,0.134,0.957
Bosnia and Herzegovina,2017,5.09,9.532,0.775,67.5,0.564,0.092,0.923
Botswana,2013,4.128,9.728,0.856,55.24,0.767,-0.154,0.749
Botswana,2014,4.031,9.756,0.859,56.02,0.791,-0.105,0.743
Botswana,2015,3.762,9.724,0.816,56.8,0.857,-0.116,0.86
Botswana,2016,3.499,9.748,0.768,57.5,0.852,-0.253,0.729
Botswana,2017,3.505,9.756,0.768,58.2,0.817,-0.248,0.731
Brazil,2013,7.14,9.668,0.91,65.28,0.785,-0.095,0.707
Brazil,2014,6.981,9.664,0.898,65.54,0.714,-0.115,0.71
Brazil,2015,6.547,9.62,0.907,65.8,0.799,-0.016,0.771
Brazil,2016,6.375,9.578,0.912,66.0,0.807,-0.1,0.781
Brazil,2017,6.333,9.583,0.905,66.2,0.765,-0.175,0.794
Bulgaria,2013,3.993,9.813,0.829,66.0,0.603,-0.191,0.962
Bulgaria,2014,4.438,9.838,0.886,66.1,0.576,-0.055,0.955
Bulgaria,2015,4.865,9.883,0.908,66.2,0.637,-0.2,0.941
Bulgaria,2016,4.838,9.928,0.926,66.4,0.7,-0.17,0.936
Bulgaria,2017,5.097,9.969,0.942,66.6,0.689,-0.154,0.911
Burkina Faso,2013,3.326,7.546,0.745,51.32,0.741,-0.016,0.765
Burkina Faso,2014,3.481,7.559,0.742,51.86,0.71,-0.004,0.801
Burkina Faso,2015,4.419,7.568,0.705,52.4,0.659,0.004,0.693
Burkina Faso,2016,4.206,7.596,0.764,52.9,0.645,-0.001,0.721
Burkina Faso,2017,4.647,7.627,0.785,53.4,0.614,-0.063,0.727
Cambodia,2013,3.674,8.068,0.651,59.64,0.941,0.164,0.812
Cambodia,2014,3.883,8.121,0.693,60.02,0.938,0.239,0.843
Cambodia,2015,4.162,8.173,0.729,60.4,0.956,0.21,0.825
Cambodia,2016,4.461,8.225,0.746,60.8,0.958,0.076,0.84
Cambodia,2017,4.586,8.276,0.765,61.2,0.964,0.088,0.821
Cameroon,2013,4.271,8.09,0.76,49.5,0.794,-0.03,0.867
Cameroon,2014,4.24,8.12,0.778,49.9,0.795,-0.071,0.856
Cameroon,2015,5.038,8.149,0.646,50.3,0.791,0.049,0.868
Cameroon,2016,4.816,8.167,0.659,51.1,0.713,-0.003,0.879
Cameroon,2017,5.074,8.176,0.695,51.9,0.767,-0.028,0.844
Canada,2013,7.594,10.757,0.936,72.68,0.916,0.316,0.406
Canada,2014,7.304,10.775,0.918,72.84,0.939,0.27,0.442
Canada,2015,7.413,10.774,0.939,73.0,0.931,0.253,0.427
Canada,2016,7.245,10.773,0.924,73.2,0.912,0.211,0.385
Canada,2017,7.415,10.792,0.934,73.4,0.945,0.163,0.362
Chad,2013,3.508,7.498,0.714,46.06,0.488,-0.045,0.882
Chad,2014,3.46,7.532,0.733,46.38,0.567,-0.07,0.881
Chad,2015,4.323,7.527,0.751,46.7,0.474,-0.029,0.889
Chad,2016,4.029,7.431,0.616,47.2,0.525,0.052,0.82
Chad,2017,4.559,7.37,0.661,47.7,0.615,0.008,0.792
Chile,2013,6.74,10.053,0.862,69.32,0.737,0.085,0.741
Chile,2014,6.844,10.059,0.862,69.46,0.733,0.217,0.758
Chile,2015,6.533,10.07,0.827,69.6,0.769,0.041,0.812
Chile,2016,6.579,10.074,0.841,69.7,0.652,0.102,0.858
Chile,2017,6.32,10.072,0.88,69.8,0.79,-0.02,0.836
China,2013,5.241,9.319,0.778,68.08,0.805,-0.158,
China,2014,5.196,9.386,0.82,68.24,,-0.217,
China,2015,5.304,9.449,0.794,68.4,,-0.244,
China,2016,5.325,9.51,0.742,68.7,,-0.228,
China,2017,5.099,9.571,0.772,69.0,0.878,-0.175,
Colombia,2013,6.607,9.512,0.901,66.36,0.841,-0.071,0.898
Colombia,2014,6.449,9.546,0.907,66.58,0.801,-0.09,0.887
Colombia,2015,6.388,9.564,0.89,66.8,0.791,-0.1,0.843
Colombia,2016,6.234,9.571,0.882,67.1,0.835,-0.1,0.898
Colombia,2017,6.157,9.569,0.909,67.4,0.838,-0.157,0.875
Congo (Brazzaville),2013,3.955,8.201,0.68,55.34,0.726,-0.078,0.752
Congo (Brazzaville),2014,4.056,8.242,0.686,55.72,0.662,-0.11,0.808
Congo (Brazzaville),2015,4.691,8.243,0.642,56.1,0.85,-0.104,0.841
Congo (Brazzaville),2016,4.119,8.19,0.615,56.7,0.786,-0.072,0.79
Congo (Brazzaville),2017,4.884,8.146,0.655,57.3,0.778,-0.131,0.763
Congo (Kinshasa),2013,4.497,6.88,0.83,51.22,0.48,0.012,0.913
Congo (Kinshasa),2014,4.414,6.937,0.822,51.66,0.556,0.009,0.814
Congo (Kinshasa),2015,3.903,6.971,0.767,52.1,0.574,-0.048,0.866
Congo (Kinshasa),2016,4.522,6.962,0.864,52.5,0.637,-0.024,0.875
Congo (Kinshasa),2017,4.311,6.966,0.67,52.9,0.704,0.068,0.809
Costa Rica,2013,7.158,9.751,0.902,70.3,0.898,0.018,0.813
Costa Rica,2014,7.247,9.775,0.914,70.5,0.927,0.01,0.788
Costa Rica,2015,6.854,9.799,0.878,70.7,0.907,-0.059,0.761
Costa Rica,2016,7.136,9.83,0.901,70.9,0.873,-0.032,0.781
Costa Rica,2017,7.225,9.858,0.922,71.1,0.936,-0.076,0.742
Croatia,2013,5.885,10.069,0.751,68.2,0.627,-0.204,0.936
Croatia,2014,5.381,10.072,0.646,68.3,0.519,0.132,0.918
Croatia,2015,5.205,10.104,0.768,68.4,0.694,-0.096,0.849
Croatia,2016,5.417,10.146,0.798,69.0,0.672,-0.065,0.884
Croatia,2017,5.343,10.189,0.77,69.6,0.716,-0.104,0.892
Cyprus,2013,5.439,10.414,0.744,72.82,0.656,0.102,0.867
Cyprus,2014,5.627,10.406,0.77,72.96,0.715,0.06,0.868
Cyprus,2015,5.439,10.445,0.77,73.1,0.628,0.114,0.893
Cyprus,2016,5.795,10.506,0.786,73.3,0.756,-0.03,0.898
Cyprus,2017,6.062,10.539,0.819,73.5,0.812,0.043,0.851
Czech Republic,2013,6.698,10.42,0.888,68.52,0.726,-0.156,0.916
Czech Republic,2014,6.484,10.446,0.878,68.66,0.8,-0.168,0.897
Czech Republic,2015,6.608,10.496,0.911,68.8,0.808,-0.146,0.886
Czech Republic,2016,6.736,10.518,0.931,69.3,0.85,-0.197,0.9
Czech Republic,2017,6.79,10.558,0.901,69.8,0.832,-0.177,0.867
Denmark,2013,7.589,10.851,0.965,71.06,0.92,0.215,0.17
Denmark,2014,7.508,10.862,0.956,71.28,0.942,0.118,0.237
Denmark,2015,7.514,10.878,0.96,71.5,0.941,0.222,0.191
Denmark,2016,7.558,10.903,0.954,71.8,0.948,0.138,0.21
Denmark,2017,7.594,10.916,0.952,72.1,0.955,0.155,0.181
Dominican Republic,2013,5.016,9.525,0.878,64.46,0.889,0.021,0.752
Dominican Republic,2014,5.387,9.582,0.891,64.68,0.905,-0.02,0.76
Dominican Republic,2015,5.062,9.637,0.893,64.9,0.856,-0.065,0.755
Dominican Republic,2016,5.239,9.691,0.895,65.2,0.873,-0.08,0.737
Dominican Republic,2017,5.605,9.725,0.894,65.5,0.855,-0.121,0.76
Ecuador,2013,6.019,9.377,0.801,67.28,0.787,-0.191,0.646
Ecuador,2014,5.946,9.399,0.831,67.44,0.719,-0.167,0.661
Ecuador,2015,5.964,9.384,0.856,67.6,0.801,-0.114,0.666
Ecuador,2016,6.115,9.355,0.842,67.9,0.846,-0.015,0.774
Ecuador,2017,5.84,9.36,0.849,68.2,0.879,-0.167,0.734
Egypt,2013,3.559,9.239,0.675,60.48,0.474,-0.141,0.913
Egypt,2014,4.885,9.245,0.619,60.64,0.578,-0.126,0.749
Egypt,2015,4.763,9.266,0.73,60.8,0.659,-0.089,0.684
Egypt,2016,4.557,9.287,0.809,61.1,0.656,-0.141,0.818
Egypt,2017,3.929,9.307,0.638,61.4,0.593,-0.152,
El Salvador,2013,6.325,8.974,0.827,64.8,0.716,-0.15,0.772
El Salvador,2014,5.857,8.986,0.798,65.0,0.778,-0.194,0.781
El Salvador,2015,6.018,9.005,0.791,65.2,0.733,-0.156,0.805
El Salvador,2016,6.14,9.025,0.794,65.5,0.8,-0.185,0.797
El Salvador,2017,6.339,9.042,0.829,65.8,0.758,-0.172,0.778
Estonia,2013,5.367,10.299,0.901,67.48,0.754,-0.201,0.726
Estonia,2014,5.556,10.331,0.917,67.74,0.773,-0.153,0.652
Estonia,2015,5.629,10.348,0.918,68.0,0.815,-0.164,0.569
Estonia,2016,5.65,10.374,0.938,68.2,0.843,-0.149,0.639
Estonia,2017,5.938,10.429,0.936,68.4,0.862,-0.101,0.668
Ethiopia,2013,4.445,7.343,0.602,55.8,0.707,-0.008,0.75
Ethiopia,2014,4.507,7.413,0.64,56.4,0.694,0.08,0.702
Ethiopia,2015,4.573,7.484,0.626,57.0,0.803,0.113,0.567
Ethiopia,2016,4.298,7.547,0.719,57.5,0.744,0.038,0.703
Ethiopia,2017,4.18,7.612,0.734,58.0,0.717,0.001,0.757
Finland,2013,7.445,10.722,0.941,71.12,0.919,0.04,0.306
Finland,2014,7.385,10.714,0.952,71.36,0.933,-0.001,0.265
Finland,2015,7.448,10.716,0.948,71.6,0.93,0.111,0.223
Finland,2016,7.66,10.74,0.954,71.7,0.948,-0.027,0.25
Finland,2017,7.788,10.768,0.964,71.8,0.962,-0.002,0.192
France,2013,6.667,10.669,0.908,72.8,0.878,-0.125,0.699
France,2014,6.467,10.674,0.878,73.0,0.803,-0.118,0.656
France,2015,6.358,10.682,0.896,73.2,0.817,-0.139,0.641
France,2016,6.475,10.69,0.885,73.4,0.787,-0.091,0.623
France,2017,6.635,10.711,0.931,73.6,0.834,-0.123,0.601
Gabon,2013,3.8,9.638,0.733,56.84,0.682,-0.146,0.78
Gabon,2014,3.918,9.644,0.829,57.52,0.607,-0.198,0.782
Gabon,2015,4.661,9.649,0.756,58.2,0.671,-0.194,0.867
Gabon,2016,4.832,9.639,0.78,58.7,0.699,-0.204,0.817
Gabon,2017,4.782,9.616,0.807,59.2,0.652,-0.228,0.868
Georgia,2013,4.349,9.371,0.559,64.98,0.722,-0.254,0.349
Georgia,2014,4.288,9.414,0.558,65.04,0.72,-0.233,0.416
Georgia,2015,4.122,9.442,0.517,65.1,0.64,-0.205,0.502
Georgia,2016,4.448,9.47,0.533,64.9,0.606,-0.249,0.561
Georgia,2017,4.451,9.517,0.59,64.7,0.821,-0.244,0.59
Germany,2013,6.965,10.817,0.931,71.14,0.894,0.024,0.566
Germany,2014,6.984,10.835,0.938,71.22,0.899,0.088,0.474
Germany,2015,7.037,10.844,0.926,71.3,0.889,0.178,0.412
Germany,2016,6.874,10.858,0.906,71.6,0.871,0.148,0.446
Germany,2017,7.074,10.878,0.892,71.9,0.841,0.145,0.414
Ghana,2013,4.965,8.445,0.676,55.24,0.794,-0.065,0.88
Ghana,2014,3.86,8.45,0.651,55.62,0.677,0.001,0.913
Ghana,2015,3.986,8.449,0.687,56.0,0.852,-0.038,0.945
Ghana,2016,4.514,8.46,0.647,56.4,0.751,0.09,0.894
Ghana,2017,5.481,8.517,0.669,56.8,0.783,0.079,0.839
Greece,2013,4.72,10.243,0.687,71.68,0.426,-0.272,0.941
Greece,2014,4.756,10.257,0.832,71.74,0.369,-0.288,0.93
Greece,2015,5.623,10.259,0.835,71.8,0.532,-0.272,0.824
Greece,2016,5.303,10.261,0.803,72.0,0.482,-0.26,0.898
Greece,2017,5.148,10.278,0.753,72.2,0.438,-0.29,0.872
Guatemala,2013,5.985,8.953,0.83,63.18,0.884,0.045,0.817
Guatemala,2014,6.536,8.98,0.834,63.54,0.843,0.108,0.804
Guatemala,2015,6.465,9.003,0.823,63.9,0.869,0.051,0.822
Guatemala,2016,6.359,9.013,0.811,64.2,0.863,0.011,0.812
Guatemala,2017,6.325,9.026,0.826,64.5,0.915,-0.059,0.8
Guinea,2013,3.902,7.619,0.567,50.66,0.693,0.091,0.815
Guinea,2014,3.412,7.632,0.638,50.88,0.684,0.006,0.705
Guinea,2015,3.505,7.645,0.579,51.1,0.666,0.007,0.762
Guinea,2016,3.603,7.721,0.675,52.2,0.726,-0.056,0.803
Guinea,2017,4.874,7.792,0.634,53.3,0.738,0.038,0.75
Haiti,2013,4.622,7.464,0.648,45.98,0.61,0.289,0.669
Haiti,2014,3.889,7.477,0.554,50.54,0.509,0.285,0.708
Haiti,2015,3.57,7.476,0.564,55.1,0.398,0.306,0.777
Haiti,2016,3.352,7.477,0.584,55.3,0.304,0.291,0.839
Haiti,2017,3.824,7.475,0.647,55.5,0.484,0.381,0.647
Honduras,2013,4.713,8.54,0.792,66.16,0.698,-0.027,0.868
Honduras,2014,5.056,8.552,0.79,66.38,0.696,0.015,0.834
Honduras,2015,4.845,8.572,0.772,66.6,0.534,-0.097,0.848
Honduras,2016,5.648,8.593,0.774,66.8,0.85,0.08,0.793
Honduras,2017,6.02,8.624,0.843,67.0,0.898,0.072,0.783
Hungary,2013,4.914,10.14,0.877,66.08,0.674,-0.113,0.912
Hungary,2014,5.181,10.183,0.845,66.24,0.494,-0.15,0.855
Hungary,2015,5.344,10.223,0.859,66.4,0.558,-0.198,0.908
Hungary,2016,5.449,10.248,0.9,66.8,0.554,-0.187,0.924
Hungary,2017,6.065,10.293,0.877,67.2,0.661,-0.139,0.886
India,2013,4.428,8.478,0.553,58.3,0.74,0.084,0.832
India,2014,4.424,8.538,0.621,58.6,0.809,-0.026,0.832
India,2015,4.342,8.604,0.61,58.9,0.777,-0.005,0.776
India,2016,4.179,8.673,0.614,59.3,0.82,0.046,0.765
India,2017,4.046,8.73,0.607,59.7,0.886,-0.042,0.781
Indonesia,2013,5.292,9.155,0.794,61.06,0.781,0.376,0.973
Indonesia,2014,5.597,9.19,0.905,61.28,0.719,0.408,0.97
Indonesia,2015,5.043,9.225,0.809,61.5,0.779,0.471,0.946
Indonesia,2016,5.136,9.262,0.792,61.7,0.83,0.5,0.89
Indonesia,2017,5.098,9.3,0.796,61.9,0.865,0.488,0.9
Iran,2013,5.14,9.443,0.664,64.62,0.73,0.216,0.685
Iran,2014,4.682,9.476,0.644,64.86,0.767,0.241,0.64
Iran,2015,4.75,9.449,0.572,65.1,0.78,0.176,0.699
Iran,2016,4.653,9.561,0.566,65.4,0.773,0.186,0.713
Iran,2017,4.717,9.584,0.714,65.7,0.731,0.218,0.715
Iraq,2013,4.725,9.28,0.728,58.88,,-0.05,0.71
Iraq,2014,4.542,9.25,0.725,58.64,0.646,-0.001,0.726
Iraq,2015,4.493,9.241,0.684,58.4,0.599,0.019,0.762
Iraq,2016,4.413,9.354,0.719,59.0,0.666,-0.052,0.799
Iraq,2017,4.462,9.303,0.695,59.6,0.628,0.0,0.757
Ireland,2013,6.76,10.884,0.955,71.8,0.884,0.331,0.558
Ireland,2014,7.018,10.959,0.968,71.9,0.922,0.264,0.406
Ireland,2015,6.83,11.174,0.953,72.0,0.892,0.233,0.409
Ireland,2016,7.041,11.199,0.958,72.1,0.875,0.174,0.399
Ireland,2017,7.06,11.266,0.943,72.2,0.905,0.216,0.337
Israel,2013,7.321,10.515,0.909,72.58,0.739,0.15,0.849
Israel,2014,7.401,10.533,0.889,72.64,0.707,0.094,0.818
Israel,2015,7.079,10.536,0.864,72.7,0.753,0.108,0.789
Israel,2016,7.159,10.555,0.89,72.9,0.772,0.153,0.804
Israel,2017,7.331,10.57,0.916,73.1,0.768,0.145,0.793
Italy,2013,6.009,10.608,0.916,72.92,0.499,-0.102,0.943
Italy,2014,6.027,10.599,0.898,72.96,0.624,-0.065,0.92
Italy,2015,5.848,10.608,0.909,73.0,0.575,-0.064,0.913
Italy,2016,5.955,10.622,0.927,73.2,0.624,-0.081,0.903
Italy,2017,6.199,10.64,0.92,73.4,0.633,-0.035,0.867
Ivory Coast,2013,3.739,8.274,0.709,47.1,0.739,-0.031,0.691
Ivory Coast,2014,3.57,8.334,0.711,47.4,0.781,-0.08,0.671
Ivory Coast,2015,4.445,8.393,0.704,47.7,0.8,-0.053,0.744
Ivory Coast,2016,4.543,8.437,0.617,48.3,0.769,-0.043,0.757
Ivory Coast,2017,5.038,8.483,0.661,48.9,0.732,-0.111,0.771
Japan,2013,5.959,10.57,0.924,74.34,0.821,-0.147,0.65
Japan,2014,5.923,10.575,0.9,74.52,0.838,-0.139,0.617
Japan,2015,5.88,10.588,0.923,74.7,0.832,-0.155,0.654
Japan,2016,5.955,10.595,0.9,74.8,0.836,-0.062,0.698
Japan,2017,5.911,10.618,0.882,74.9,0.849,-0.206,0.659
Jordan,2013,5.172,9.237,0.84,65.6,0.692,-0.117,
Jordan,2014,5.333,9.222,0.816,65.9,0.729,-0.104,
Jordan,2015,5.405,9.207,0.83,66.2,0.767,-0.046,
Jordan,2016,5.271,9.197,0.82,66.4,0.771,-0.038,
Jordan,2017,4.808,9.194,0.815,66.6,0.766,-0.152,
Kazakhstan,2013,5.835,10.074,0.889,61.76,0.782,-0.229,0.82
Kazakhstan,2014,5.97,10.101,0.795,62.28,0.799,0.004,0.805
Kazakhstan,2015,5.95,10.098,0.931,62.8,0.74,-0.037,0.714
Kazakhstan,2016,5.534,10.095,0.928,63.4,0.783,-0.036,0.702
Kazakhstan,2017,5.882,10.121,0.914,64.0,0.745,-0.035,0.755
Kenya,2013,3.795,8.192,0.825,57.18,0.708,0.212,0.861
Kenya,2014,4.905,8.219,0.765,57.74,0.819,0.172,0.849
Kenya,2015,4.358,8.249,0.777,58.3,0.793,0.221,0.853
Kenya,2016,4.396,8.282,0.706,58.9,0.749,0.298,0.828
Kenya,2017,4.476,8.306,0.715,59.5,0.853,0.234,0.854
Kosovo,2013,6.126,9.113,0.721,,0.568,0.115,0.935
Kosovo,2014,5.0,9.129,0.706,,0.441,0.012,0.775
Kosovo,2015,5.077,9.182,0.805,,0.561,0.181,0.851
Kosovo,2016,5.759,9.228,0.824,,0.827,0.125,0.941
Kosovo,2017,6.149,9.262,0.792,,0.858,0.117,0.925
Kuwait,2013,6.48,10.985,0.862,65.5,0.751,,
Kuwait,2014,6.18,10.945,,65.8,,,
Kuwait,2015,6.146,10.912,0.823,66.1,0.822,0.082,
Kuwait,2016,5.947,10.91,0.845,66.3,0.841,-0.075,
Kuwait,2017,6.094,10.837,0.853,66.5,0.884,-0.005,
Kyrgyzstan,2013,5.402,8.441,0.851,62.36,0.755,-0.085,0.9
Kyrgyzstan,2014,5.252,8.46,0.898,62.78,0.736,0.355,0.897
Kyrgyzstan,2015,4.905,8.477,0.857,63.2,0.813,0.2,0.858
Kyrgyzstan,2016,4.857,8.5,0.914,63.5,0.814,0.056,0.917
Kyrgyzstan,2017,5.63,8.526,0.883,63.8,0.859,0.143,0.874
Latvia,2013,5.07,10.116,0.834,65.38,0.631,-0.073,0.837
Latvia,2014,5.729,10.144,0.881,65.64,0.671,-0.043,0.804
Latvia,2015,5.881,10.185,0.879,65.9,0.656,-0.077,0.808
Latvia,2016,5.94,10.211,0.917,66.2,0.685,-0.156,0.868
Latvia,2017,5.978,10.257,0.895,66.5,0.7,-0.154,0.798
Lebanon,2013,4.983,9.772,0.708,65.44,0.655,-0.004,0.921
Lebanon,2014,5.233,9.739,0.759,65.52,0.657,-0.012,0.939
Lebanon,2015,5.172,9.699,0.742,65.6,0.597,0.073,0.889
Lebanon,2016,5.271,9.687,0.828,66.1,0.657,0.031,0.853
Lebanon,2017,5.154,9.681,0.777,66.6,0.605,-0.074,0.911
Lithuania,2013,5.596,10.263,0.913,65.1,0.556,-0.237,0.936
Lithuania,2014,6.126,10.306,0.908,65.3,0.508,-0.263,0.956
Lithuania,2015,5.711,10.335,0.929,65.5,0.641,-0.254,0.924
Lithuania,2016,5.866,10.373,0.938,66.1,0.614,-0.266,0.949
Lithuania,2017,6.273,10.429,0.926,66.7,0.749,-0.174,0.79
Luxembourg,2013,7.131,11.58,0.917,72.24,0.79,-0.054,0.301
Luxembourg,2014,6.891,11.598,0.875,72.42,0.938,0.106,0.366
Luxembourg,2015,6.702,11.617,0.934,72.6,0.932,0.052,0.375
Luxembourg,2016,6.967,11.64,0.941,72.6,0.882,0.019,0.356
Luxembourg,2017,7.061,11.634,0.905,72.6,0.903,0.044,0.33
Madagascar,2013,3.816,7.334,0.673,57.06,0.48,-0.019,0.868
Madagascar,2014,3.676,7.34,0.655,57.48,0.529,-0.023,0.791
Madagascar,2015,3.593,7.344,0.647,57.9,0.545,-0.041,0.861
Madagascar,2016,3.663,7.356,0.746,58.3,0.57,-0.069,0.864
Madagascar,2017,4.079,7.368,0.626,58.7,0.57,-0.033,0.847
Malawi,2013,4.035,6.907,0.563,53.46,0.752,0.078,0.857
Malawi,2014,4.563,6.935,0.512,54.48,0.786,0.061,0.824
Malawi,2015,3.868,6.935,0.494,55.5,0.801,0.058,0.835
Malawi,2016,3.476,6.932,0.524,56.2,0.81,0.066,0.824
Malawi,2017,3.417,6.945,0.555,56.9,0.848,0.025,0.735
Mali,2013,3.676,7.599,0.82,49.48,0.665,-0.053,0.755
Mali,2014,3.975,7.638,0.843,49.84,0.652,-0.037,0.658
Mali,2015,4.582,7.669,0.83,50.2,0.634,-0.068,0.8
Mali,2016,4.016,7.695,0.836,50.7,0.696,-0.07,0.862
Mali,2017,4.742,7.718,0.741,51.2,0.753,-0.069,0.863
Malta,2013,6.38,10.422,0.942,71.96,0.909,0.41,
Malta,2014,6.452,10.486,0.941,72.08,0.904,0.404,0.67
Malta,2015,6.613,10.566,0.919,72.2,0.912,0.347,0.664
Malta,2016,6.591,10.599,0.93,72.2,0.916,0.345,0.696
Malta,2017,6.676,10.635,0.937,72.2,0.924,0.253,0.69
Mauritania,2013,4.199,8.506,0.741,55.46,0.603,-0.079,0.676
Mauritania,2014,4.483,8.519,0.853,55.78,0.468,-0.054,0.589
Mauritania,2015,3.923,8.542,0.875,56.1,0.447,0.055,0.715
Mauritania,2016,4.472,8.526,0.785,56.4,0.467,-0.175,0.842
Mauritania,2017,4.678,8.533,0.779,56.7,0.527,-0.153,0.777
Mexico,2013,7.443,9.832,0.759,67.04,0.739,-0.165,0.615
Mexico,2014,6.68,9.847,0.782,67.22,0.779,-0.094,0.63
Mexico,2015,6.236,9.867,0.761,67.4,0.719,-0.152,0.708
Mexico,2016,6.824,9.884,0.893,67.7,0.752,-0.153,0.809
Mexico,2017,6.41,9.893,0.8,68.0,0.861,-0.202,0.801
Moldova,2013,5.756,9.192,0.803,62.26,0.658,-0.069,0.941
Moldova,2014,5.917,9.241,0.805,62.58,0.623,-0.113,0.925
Moldova,2015,6.017,9.246,0.84,62.9,0.595,-0.09,0.943
Moldova,2016,5.578,9.3,0.837,63.6,0.557,-0.047,0.969
Moldova,2017,5.326,9.363,0.831,64.3,0.553,-0.053,0.926
Mongolia,2013,4.913,9.248,0.935,61.1,0.748,0.136,0.928
Mongolia,2014,4.825,9.304,0.943,61.4,0.752,0.146,0.909
Mongolia,2015,4.983,9.308,0.906,61.7,0.686,0.173,0.9
Mongolia,2016,5.057,9.3,0.947,61.9,0.76,0.09,0.9
Mongolia,2017,5.334,9.334,0.924,62.1,0.675,0.119,0.865
Montenegro,2013,5.074,9.76,0.736,67.58,0.502,-0.176,0.693
Montenegro,2014,5.283,9.777,0.863,67.74,0.503,0.097,0.768
Montenegro,2015,5.125,9.81,0.74,67.9,0.583,-0.144,0.781
Montenegro,2016,5.304,9.839,0.866,68.1,0.569,-0.087,0.849
Montenegro,2017,5.615,9.885,0.881,68.3,0.626,-0.083,0.756
Myanmar,2013,4.176,8.23,0.757,57.38,0.775,0.689,0.638
Myanmar,2014,4.786,8.299,0.774,57.74,,0.698,0.592
Myanmar,2015,4.224,8.359,0.752,58.1,0.808,0.688,0.633
Myanmar,2016,4.623,8.408,0.793,58.4,0.877,0.679,0.607
Myanmar,2017,4.154,8.464,0.795,58.7,0.886,0.65,0.619
Nepal,2013,4.605,7.889,0.74,59.8,0.722,0.151,0.877
Nepal,2014,4.975,7.948,0.786,60.0,0.712,0.121,0.841
Nepal,2015,4.812,7.976,0.748,60.2,0.763,0.227,0.824
Nepal,2016,5.1,7.973,0.837,61.3,0.839,0.168,0.817
Nepal,2017,4.737,8.039,0.816,62.4,0.845,0.134,0.77
Netherlands,2013,7.407,10.857,0.925,71.76,0.919,0.305,0.505
Netherlands,2014,7.321,10.867,0.909,71.88,0.91,0.331,0.457
Netherlands,2015,7.324,10.882,0.879,72.0,0.904,0.261,0.412
Netherlands,2016,7.541,10.899,0.926,72.1,0.907,0.239,0.433
Netherlands,2017,7.459,10.921,0.937,72.2,0.92,0.25,0.363
New Zealand,2013,7.28,10.571,0.958,72.36,0.944,0.237,0.312
New Zealand,2014,7.306,10.592,0.942,72.48,0.932,0.348,0.273
New Zealand,2015,7.418,10.608,0.987,72.6,0.942,0.329,0.186
New Zealand,2016,7.226,10.623,0.937,72.8,0.927,0.266,0.278
New Zealand,2017,7.327,10.633,0.955,73.0,0.942,0.294,0.222
Nicaragua,2013,5.772,8.569,0.868,66.16,0.859,0.039,0.636
Nicaragua,2014,6.275,8.602,0.839,66.38,0.817,0.104,0.699
Nicaragua,2015,5.924,8.636,0.827,66.6,0.809,0.077,0.728
Nicaragua,2016,6.013,8.668,0.853,66.9,0.717,0.039,0.731
Nicaragua,2017,6.476,8.7,0.838,67.2,0.922,0.01,0.673
Niger,2013,3.716,7.002,0.696,50.96,0.825,-0.077,0.711
Niger,2014,4.181,7.027,0.753,51.48,0.688,-0.046,0.605
Niger,2015,3.671,7.03,0.713,52.0,0.728,-0.032,0.703
Niger,2016,4.235,7.047,0.683,52.5,0.702,-0.016,0.814
Niger,2017,4.616,7.058,0.582,53.0,0.684,-0.03,0.778
North Macedonia,2013,5.186,9.541,0.832,64.942,0.641,0.025,0.861
North Macedonia,2014,5.204,9.576,0.793,65.053,0.645,0.035,0.861
North Macedonia,2015,4.976,9.613,0.766,65.145,0.66,-0.047,0.824
North Macedonia,2016,5.346,9.64,0.871,65.225,0.706,0.08,0.87
North Macedonia,2017,5.234,9.65,0.8,65.303,0.752,-0.059,0.856
Pakistan,2013,5.138,8.311,0.607,56.86,0.448,0.1,0.792
Pakistan,2014,5.436,8.336,0.552,57.08,0.543,0.14,0.677
Pakistan,2015,4.823,8.361,0.562,57.3,0.587,0.085,0.717
Pakistan,2016,5.549,8.394,0.627,57.7,0.634,0.095,0.793
Pakistan,2017,5.831,8.428,0.69,58.1,0.713,0.045,0.714
Palestinian Territories,2013,4.844,8.489,0.761,,0.454,-0.15,0.78
Palestinian Territories,2014,4.722,8.457,0.775,,0.657,-0.147,0.804
Palestinian Territories,2015,4.695,8.48,0.766,,0.556,-0.153,0.774
Palestinian Territories,2016,4.907,8.498,0.818,,0.608,-0.129,0.812
Palestinian Territories,2017,4.628,8.485,0.824,,0.632,-0.163,0.831
Panama,2013,6.866,10.184,0.896,68.9,0.811,0.018,0.814
Panama,2014,6.631,10.217,0.873,69.1,0.894,0.002,0.847
Panama,2015,6.606,10.255,0.883,69.3,0.847,-0.007,0.81
Panama,2016,6.118,10.287,0.882,69.4,0.884,-0.102,0.837
Panama,2017,6.568,10.324,0.912,69.5,0.9,-0.17,0.841
Paraguay,2013,5.936,9.326,0.939,64.86,0.909,0.046,0.903
Paraguay,2014,5.119,9.36,0.959,64.98,0.759,-0.002,0.762
Paraguay,2015,5.56,9.377,0.914,65.1,0.806,-0.008,0.863
Paraguay,2016,5.801,9.406,0.94,65.3,0.854,-0.071,0.756
Paraguay,2017,5.713,9.441,0.902,65.5,0.891,0.003,0.81
Peru,2013,5.783,9.369,0.797,66.84,0.703,-0.066,0.87
Peru,2014,5.866,9.382,0.819,67.02,0.722,-0.136,0.878
Peru,2015,5.577,9.402,0.798,67.2,0.802,-0.09,0.884
Peru,2016,5.701,9.426,0.803,67.5,0.83,-0.134,0.866
Peru,2017,5.711,9.434,0.83,67.8,0.827,-0.154,0.895
Philippines,2013,4.977,8.805,0.846,61.2,0.907,0.021,0.756
Philippines,2014,5.313,8.85,0.813,61.4,0.902,-0.015,0.787
Philippines,2015,5.547,8.896,0.854,61.6,0.912,-0.051,0.755
Philippines,2016,5.431,8.95,0.821,61.7,0.908,-0.071,0.792
Philippines,2017,5.594,9.002,0.851,61.8,0.926,-0.141,0.711
Poland,2013,5.746,10.164,0.912,67.78,0.776,-0.137,0.916
Poland,2014,5.75,10.197,0.924,67.94,0.875,-0.064,0.898
Poland,2015,6.007,10.235,0.893,68.1,0.793,-0.093,0.81
Poland,2016,6.162,10.266,0.917,68.5,0.871,-0.091,0.848
Poland,2017,6.201,10.314,0.882,68.9,0.831,-0.122,0.639
Portugal,2013,5.158,10.312,0.867,71.4,0.788,-0.118,0.946
Portugal,2014,5.127,10.325,0.862,71.6,0.847,-0.126,0.941
Portugal,2015,5.081,10.347,0.866,71.8,0.8,-0.163,0.941
Portugal,2016,5.447,10.37,0.905,72.0,0.838,-0.225,0.922
Portugal,2017,5.711,10.407,0.9,72.2,0.905,-0.176,0.881
Romania,2013,5.082,10.004,0.778,65.86,0.655,-0.129,0.952
Romania,2014,5.727,10.041,0.753,66.08,0.754,-0.1,0.958
Romania,2015,5.777,10.083,0.787,66.3,0.796,-0.141,0.962
Romania,2016,5.969,10.136,0.809,66.6,0.822,-0.115,0.949
Romania,2017,6.09,10.211,0.811,66.9,0.839,-0.16,0.926
Russia,2013,5.537,10.182,0.881,62.26,0.661,-0.289,0.934
Russia,2014,6.037,10.171,0.932,62.68,0.744,-0.265,0.869
Russia,2015,5.996,10.149,0.924,63.1,0.685,-0.171,0.913
Russia,2016,5.855,10.149,0.911,63.5,0.714,-0.181,0.925
Russia,2017,5.579,10.166,0.896,63.9,0.731,-0.145,0.862
Rwanda,2013,3.466,7.449,0.75,58.06,0.904,-0.028,0.117
Rwanda,2014,3.596,7.484,0.748,58.68,0.894,-0.023,0.078
Rwanda,2015,3.483,7.544,0.678,59.3,0.908,0.025,0.095
Rwanda,2016,3.333,7.576,0.665,59.9,0.911,0.025,0.159
Rwanda,2017,3.108,7.588,0.517,60.5,0.908,0.051,0.214
Saudi Arabia,2013,6.495,10.776,0.827,65.0,0.661,-0.081,
Saudi Arabia,2014,6.278,10.783,0.818,65.2,0.762,-0.073,
Saudi Arabia,2015,6.345,10.798,0.82,65.4,0.82,-0.045,
Saudi Arabia,2016,6.474,10.792,0.89,65.7,0.774,-0.132,
Saudi Arabia,2017,6.294,10.764,0.84,66.0,0.814,-0.131,
Senegal,2013,3.647,7.926,0.823,57.48,0.636,-0.052,0.837
Senegal,2014,4.395,7.961,0.856,57.94,0.692,-0.045,0.7
Senegal,2015,4.617,7.995,0.702,58.4,0.72,-0.111,0.765
Senegal,2016,4.595,8.029,0.839,58.8,0.744,-0.086,0.794
Senegal,2017,4.683,8.072,0.744,59.2,0.687,-0.044,0.825
Serbia,2013,5.102,9.638,0.828,66.68,0.533,-0.1,0.908
Serbia,2014,5.113,9.627,0.783,66.84,0.532,0.072,0.912
Serbia,2015,5.318,9.649,0.816,67.0,0.546,-0.062,0.859
Serbia,2016,5.753,9.688,0.895,67.4,0.614,-0.068,0.89
Serbia,2017,5.122,9.713,0.884,67.8,0.685,-0.077,0.851
Sierra Leone,2013,4.514,7.577,0.708,45.16,0.72,-0.071,0.856
Sierra Leone,2014,4.5,7.6,0.869,45.58,0.681,0.034,0.786
Sierra Leone,2015,4.909,7.347,0.611,46.0,0.624,0.05,0.825
Sierra Leone,2016,4.733,7.384,0.657,47.6,0.681,0.106,0.863
Sierra Leone,2017,4.09,7.404,0.652,49.2,0.711,0.079,0.848
Singapore,2013,6.533,11.357,0.808,75.46,0.827,0.115,0.242
Singapore,2014,7.062,11.383,0.822,75.68,0.835,0.154,0.133
Singapore,2015,6.62,11.4,0.866,75.9,0.887,0.15,0.099
Singapore,2016,6.033,11.419,0.925,76.2,0.904,0.143,0.047
Singapore,2017,6.378,11.461,0.897,76.5,0.926,0.136,0.162
Slovakia,2013,5.937,10.218,0.909,67.52,0.598,-0.051,0.915
Slovakia,2014,6.139,10.244,0.924,67.76,0.635,-0.126,0.914
Slovakia,2015,6.162,10.291,0.943,68.0,0.587,-0.128,0.928
Slovakia,2016,5.993,10.31,0.945,68.3,0.7,-0.061,0.917
Slovakia,2017,6.366,10.339,0.913,68.6,0.714,-0.055,0.92
Slovenia,2013,5.975,10.385,0.932,69.8,0.89,0.036,0.918
Slovenia,2014,5.678,10.412,0.908,70.0,0.888,0.052,0.909
Slovenia,2015,5.741,10.433,0.901,70.2,0.896,0.008,0.892
Slovenia,2016,5.937,10.463,0.934,70.5,0.904,-0.055,0.838
Slovenia,2017,6.167,10.509,0.928,70.8,0.921,-0.025,0.829
South Africa,2013,3.661,9.461,0.839,53.38,0.714,-0.077,0.8
South Africa,2014,4.828,9.464,0.881,54.34,0.794,-0.117,0.82
South Africa,2015,4.887,9.46,0.898,55.3,0.862,-0.127,0.853
South Africa,2016,4.77,9.45,0.875,55.7,0.774,-0.07,0.813
South Africa,2017,4.514,9.45,0.87,56.1,0.787,-0.129,0.865
South Korea,2013,5.959,10.52,0.797,72.18,0.642,-0.05,0.832
South Korea,2014,5.801,10.546,0.738,72.44,0.623,-0.043,0.834
South Korea,2015,5.78,10.568,0.768,72.7,0.616,-0.036,0.841
South Korea,2016,5.971,10.593,0.811,73.0,0.591,0.026,0.862
South Korea,2017,5.874,10.621,0.807,73.3,0.538,0.014,0.851
Spain,2013,6.15,10.476,0.929,73.26,0.759,-0.101,0.916
Spain,2014,6.456,10.492,0.948,73.38,0.738,-0.028,0.854
Spain,2015,6.381,10.531,0.956,73.5,0.732,-0.072,0.822
Spain,2016,6.319,10.56,0.942,73.8,0.768,-0.048,0.819
Spain,2017,6.23,10.586,0.903,74.1,0.756,-0.032,0.791
Sweden,2013,7.434,10.804,0.916,72.14,0.936,0.159,0.324
Sweden,2014,7.239,10.82,0.933,72.22,0.945,0.202,0.25
Sweden,2015,7.289,10.853,0.929,72.3,0.935,0.211,0.232
Sweden,2016,7.369,10.861,0.912,72.4,0.918,0.146,0.246
Sweden,2017,7.287,10.873,0.914,72.5,0.935,0.17,0.239
Taiwan Province of China,2013,6.34,10.75,0.817,,0.69,0.002,0.841
Taiwan Province of China,2014,6.363,10.798,0.87,,0.693,0.092,0.866
Taiwan Province of China,2015,6.45,10.842,0.885,,0.701,0.019,0.857
Taiwan Province of China,2016,6.513,10.855,0.895,,0.719,-0.049,0.811
Taiwan Province of China,2017,6.359,10.871,0.891,,0.76,-0.07,0.743
Tajikistan,2013,4.967,7.87,0.701,62.88,0.693,0.063,0.764
Tajikistan,2014,4.896,7.911,0.81,63.04,0.853,0.002,0.698
Tajikistan,2015,5.124,7.945,0.844,63.2,0.847,0.022,0.742
Tajikistan,2016,5.104,7.987,0.857,63.5,0.703,0.01,0.632
Tajikistan,2017,5.829,8.036,0.663,63.8,0.832,0.124,0.718
Tanzania,2013,3.852,7.699,0.803,54.52,0.654,0.054,0.859
Tanzania,2014,3.483,7.734,0.789,55.26,0.654,0.11,0.878
Tanzania,2015,3.661,7.764,0.79,56.0,0.759,0.149,0.906
Tanzania,2016,2.903,7.8,0.638,56.5,0.775,0.179,0.739
Tanzania,2017,3.347,7.836,0.705,57.0,0.8,0.116,0.654
Thailand,2013,6.231,9.667,0.926,66.16,0.781,0.456,0.925
Thailand,2014,6.985,9.672,0.933,66.38,0.9,0.553,0.92
Thailand,2015,6.202,9.699,0.866,66.6,0.885,0.316,0.914
Thailand,2016,6.074,9.729,0.908,66.8,0.924,0.356,0.878
Thailand,2017,5.939,9.765,0.877,67.0,0.923,0.212,0.884
Tunisia,2013,5.246,9.24,0.648,65.64,0.536,-0.207,0.886
Tunisia,2014,4.764,9.26,0.68,65.82,0.589,-0.232,0.783
Tunisia,2015,5.132,9.261,0.609,66.0,0.711,-0.226,0.815
Tunisia,2016,4.521,9.262,0.702,66.3,0.614,-0.165,0.811
Tunisia,2017,4.124,9.269,0.717,66.6,0.478,-0.219,0.869
Turkey,2013,4.888,10.091,0.795,65.12,0.541,-0.229,0.698
Turkey,2014,5.58,10.124,0.863,65.36,0.649,-0.024,0.764
Turkey,2015,5.514,10.166,0.851,65.6,0.653,-0.016,0.806
Turkey,2016,5.326,10.181,0.88,66.0,0.644,-0.065,0.764
Turkey,2017,5.607,10.238,0.876,66.4,0.644,-0.237,0.671
Turkmenistan,2013,5.392,9.348,0.846,60.52,0.705,-0.071,
Turkmenistan,2014,5.787,9.427,0.909,60.76,0.805,0.032,
Turkmenistan,2015,5.791,9.472,0.96,61.0,0.701,0.093,
Turkmenistan,2016,5.887,9.515,0.929,61.4,0.749,0.005,
Turkmenistan,2017,5.229,9.561,0.908,61.8,0.72,0.066,
Uganda,2013,3.71,7.595,0.878,52.86,0.763,0.053,0.82
Uganda,2014,3.77,7.611,0.821,53.68,0.834,0.009,0.898
Uganda,2015,4.238,7.627,0.747,54.5,0.758,0.135,0.873
Uganda,2016,4.233,7.637,0.754,54.9,0.739,0.132,0.811
Uganda,2017,4.001,7.638,0.74,55.3,0.772,0.06,0.816
Ukraine,2013,4.711,9.438,0.897,63.1,0.569,-0.216,0.937
Ukraine,2014,4.297,9.426,0.877,63.4,0.533,0.084,0.927
Ukraine,2015,3.965,9.327,0.909,63.7,0.431,-0.033,0.952
Ukraine,2016,4.029,9.353,0.885,64.0,0.503,0.011,0.891
Ukraine,2017,4.311,9.382,0.858,64.3,0.599,-0.002,0.937
United Arab Emirates,2013,6.621,11.001,0.864,66.46,0.936,,
United Arab Emirates,2014,6.54,11.041,,66.48,,,
United Arab Emirates,2015,6.568,11.086,0.824,66.5,0.915,0.201,
United Arab Emirates,2016,6.831,11.105,0.849,66.7,0.949,0.131,
United Arab Emirates,2017,7.039,11.115,0.836,66.9,0.962,0.216,
United Kingdom,2013,6.918,10.679,0.937,71.54,0.905,0.346,0.568
United Kingdom,2014,6.758,10.697,0.91,71.62,0.857,0.355,0.484
United Kingdom,2015,6.515,10.712,0.936,71.7,0.833,0.3,0.456
United Kingdom,2016,6.824,10.724,0.954,71.9,0.821,0.25,0.458
United Kingdom,2017,7.103,10.736,0.937,72.1,0.813,0.291,0.419
United States,2013,7.249,10.939,0.925,68.64,0.792,0.274,0.747
United States,2014,7.151,10.956,0.902,68.62,0.866,0.221,0.702
United States,2015,6.864,10.977,0.904,68.6,0.849,0.219,0.698
United States,2016,6.804,10.986,0.897,68.5,0.758,0.144,0.739
United States,2017,6.992,11.001,0.921,68.4,0.868,0.197,0.681
Uruguay,2013,6.444,9.904,0.917,68.42,0.888,-0.043,0.586
Uruguay,2014,6.561,9.932,0.902,68.56,0.904,-0.073,0.533
Uruguay,2015,6.628,9.932,0.891,68.7,0.917,-0.032,0.673
Uruguay,2016,6.171,9.946,0.9,68.8,0.886,-0.072,0.676
Uruguay,2017,6.336,9.968,0.914,68.9,0.898,-0.091,0.627
Uzbekistan,2013,5.94,8.607,0.963,63.8,0.95,-0.034,0.434
Uzbekistan,2014,6.049,8.659,0.952,64.0,0.954,0.061,0.536
Uzbekistan,2015,5.972,8.714,0.968,64.2,0.98,0.375,0.471
Uzbekistan,2016,5.893,8.756,0.945,64.5,0.984,0.208,
Uzbekistan,2017,6.421,8.782,0.942,64.8,0.985,0.123,0.465
Venezuela,2013,6.553,9.739,0.896,65.82,0.642,-0.22,0.837
Venezuela,2014,6.136,9.557,0.904,65.86,0.57,-0.199,0.827
Venezuela,2015,5.569,9.001,0.911,65.9,0.512,-0.117,0.813
Venezuela,2016,4.041,9.01,0.902,66.1,0.458,-0.155,0.89
Venezuela,2017,5.071,9.073,0.896,66.3,0.636,-0.169,0.844
Vietnam,2013,5.023,8.668,0.759,66.98,0.92,-0.027,0.771
Vietnam,2014,5.085,8.716,0.792,67.14,,0.0,
Vietnam,2015,5.076,8.77,0.849,67.3,,0.086,
Vietnam,2016,5.062,8.82,0.876,67.5,0.894,-0.09,0.799
Vietnam,2017,5.175,8.876,,67.7,,,
Yemen,2013,4.218,8.242,0.694,54.3,0.543,-0.179,0.885
Yemen,2014,3.968,8.117,0.638,54.3,0.664,-0.157,0.885
Yemen,2015,2.983,7.858,0.669,54.3,0.61,-0.139,0.829
Yemen,2016,3.826,7.715,0.775,55.1,0.533,-0.151,
Yemen,2017,3.254,7.578,0.79,55.9,0.595,-0.147,
Zambia,2013,5.244,8.131,0.761,52.32,0.77,-0.104,0.732
Zambia,2014,4.346,8.146,0.706,53.06,0.812,-0.011,0.809
Zambia,2015,4.843,8.144,0.691,53.8,0.759,-0.039,0.871
Zambia,2016,4.348,8.151,0.767,54.3,0.812,0.122,0.771
Zambia,2017,3.933,8.156,0.744,54.8,0.823,0.14,0.74
Zimbabwe,2013,4.69,7.985,0.799,50.96,0.576,-0.104,0.831
Zimbabwe,2014,4.184,7.991,0.766,52.38,0.642,-0.074,0.82
Zimbabwe,2015,3.703,7.992,0.736,53.8,0.667,-0.123,0.81
Zimbabwe,2016,3.735,7.984,0.768,54.4,0.733,-0.095,0.724
Zimbabwe,2017,3.638,8.016,0.754,55.0,0.753,-0.098,0.751
